10
147
172 242 147 832 839 165 817 757 224 229 695 342 871 415 369 275 892 485 769 272 4 489 497 871 20 328 714 14 396 274 156 302 756 24 709 552 534 546 329 97 533 228 200 702 996 662 732 414 546 23 340 8 481 976 953 239 486 715 615 418 410 330 202 448 278 629 655 934 113 931 866 916 800 113 141 21 876 569 339 37 636 271 396 935 392 960 660 117 420 214 587 635 960 950 682 495 888 990 468 641 902 84 850 437 621 44 513 427 145 738 82 939 713 775 776 99 308 918 497 299 771 14 319 917 98 86 422 41 770 540 935 824 22 829 656 140 122 487 675 817 913 370 366 766 139 488 648
403
883 457 303 418 974 910 206 419 359 549 152 204 273 762 879 484 897 396 224 870 277 608 631 879 656 232 211 452 794 947 126 778 727 916 240 990 595 553 319 471 593 212 114 652 289 798 971 513 828 563 910 852 524 329 578 933 910 601 483 642 446 577 229 34 940 373 70 208 156 51 967 869 257 823 187 450 290 626 398 315 516 70 589 400 67 357 56 90 309 176 997 888 359 200 195 164 125 966 553 671 585 821 258 43 409 964 89 487 222 727 704 970 451 973 275 706 315 459 571 951 896 897 996 409 351 812 39 563 23 791 408 436 929 348 763 959 918 76 580 753 835 662 654 582 16 375 8 24 881 885 899 125 386 972 215 629 360 723 310 189 972 588 86 749 62 522 696 30 122 31 908 225 694 316 419 844 327 544 894 867 334 555 779 97 937 213 712 866 580 908 480 467 412 927 282 626 657 432 439 774 625 516 879 188 232 851 965 838 887 796 55 474 967 843 237 742 141 273 827 568 128 574 486 657 128 961 509 196 909 943 907 224 342 54 801 53 78 224 482 924 779 590 41 614 189 901 161 96 565 312 97 55 816 306 337 994 567 315 898 505 336 223 253 27 84 970 593 136 324 881 410 757 330 961 408 510 344 98 361 757 700 27 59 228 93 508 528 20 440 287 196 498 53 98 469 1 556 16 308 941 375 573 382 597 113 483 593 243 849 779 717 315 93 384 699 761 15 652 336 135 703 253 171 844 799 985 656 679 121 282 322 822 890 1 603 343 220 783 219 160 526 314 762 322 244 586 312 724 293 720 540 253 5 810 72 398 118 487 481 459 855 259 129 328 950 169 771 406 688 394 894 234 10 322 212 142 637 105 784 702 27 995 591 662 19 699 949 425 771 545 505 561 17 207 369 243 479 389 671 375 129 237 368
276
936 349 865 837 710 767 472 189 645 106 382 402 856 286 502 28 378 834 507 2 722 340 644 598 630 431 698 672 455 917 543 179 628 587 652 938 21 160 272 466 759 675 975 374 413 272 797 803 472 625 502 801 569 602 211 494 622 493 839 378 137 429 793 959 347 847 330 976 762 268 235 874 157 358 329 684 604 243 533 304 253 332 826 272 35 378 69 531 702 70 604 327 288 101 751 575 366 48 679 777 877 634 533 510 680 122 552 203 480 277 977 497 286 819 17 110 705 253 150 651 149 778 742 99 441 185 315 472 472 692 532 553 562 941 295 845 328 603 363 900 915 933 579 107 520 881 774 681 412 932 406 471 695 765 657 310 754 28 441 371 75 984 960 447 396 209 974 564 543 287 358 361 909 217 254 874 392 805 601 824 981 80 504 186 701 355 764 907 429 70 955 968 687 973 849 937 939 492 556 343 818 728 315 587 498 274 237 448 472 992 899 267 307 226 971 908 342 596 612 395 677 327 257 684 427 52 896 876 237 553 613 201 427 981 698 955 103 224 43 862 906 371 516 639 753 985 98 257 504 230 521 479 244 943 300 927 266 404 209 234 126 407 615 177 621 343 785 513 213 833 379 938 841 649 996 801
287
305 26 321 684 468 575 807 240 529 808 485 672 797 301 164 704 752 707 111 52 703 341 292 701 524 367 598 925 389 479 432 970 298 997 692 711 719 533 881 673 668 712 991 338 574 835 709 39 813 719 872 597 513 672 208 150 351 987 741 852 724 130 392 498 850 97 725 670 558 958 298 900 829 385 153 831 314 651 946 622 628 774 790 51 904 874 752 103 714 713 563 879 174 915 902 334 136 218 706 240 495 173 900 844 150 775 801 500 646 602 218 473 151 614 421 91 193 435 478 509 417 906 991 560 802 902 987 478 591 462 180 333 959 370 674 56 422 602 566 412 483 326 464 463 358 445 128 30 886 935 521 831 291 260 411 177 685 286 508 921 441 428 27 464 435 644 609 447 503 722 972 994 662 906 294 681 348 306 812 551 283 501 577 141 112 280 755 410 19 328 631 296 238 406 602 962 515 529 561 299 888 739 849 109 987 793 107 34 779 305 177 62 264 659 807 771 543 97 5 192 861 945 301 878 212 780 71 655 864 485 579 778 70 965 281 263 903 453 241 918 898 84 627 968 514 967 789 227 107 381 612 132 75 328 2 731 963 606 603 693 762 991 221 621 752 293 921 124 453 29 126 765 234 948 661 243 712 483 512 856 964 788 419 693 503 873 717
138
773 363 79 123 691 159 388 633 572 161 976 1 478 150 507 789 759 78 311 745 33 921 812 149 421 449 355 94 646 131 613 528 157 497 24 32 687 383 11 963 697 653 751 292 246 353 729 515 757 649 833 607 388 60 726 963 860 181 109 924 336 321 858 466 449 906 448 217 44 183 803 42 611 446 227 859 775 812 767 771 761 780 215 786 640 780 158 106 788 539 134 556 811 71 452 519 372 309 917 947 801 923 938 972 325 437 192 607 354 346 805 516 55 958 788 362 86 976 892 523 782 540 148 968 537 407 591 761 135 499 132 908 121 584 690 147 250 14
442
252 639 259 515 551 274 281 334 821 293 697 437 115 79 497 217 286 781 87 248 415 633 257 457 700 916 263 793 48 277 359 777 306 264 709 190 614 234 643 343 184 443 871 463 688 713 47 417 396 310 848 168 296 288 314 5 92 221 32 621 737 103 676 632 781 377 684 188 892 587 958 369 454 566 892 336 324 107 254 767 403 364 209 826 520 834 729 920 820 257 742 645 631 211 752 134 140 629 983 585 652 436 187 605 938 22 62 804 368 346 748 560 462 553 293 292 639 474 7 708 249 355 729 243 923 661 193 724 535 112 270 414 891 537 845 105 919 830 822 461 105 813 776 636 114 545 581 193 94 279 298 622 959 175 709 757 728 525 992 48 391 329 640 656 247 530 75 242 127 242 1 638 102 907 956 479 586 736 765 333 435 125 601 612 874 633 442 34 627 562 203 252 412 641 348 157 337 501 993 238 907 321 783 883 745 965 405 468 690 931 186 225 540 277 79 362 586 300 996 376 746 608 771 157 949 136 304 562 667 636 358 327 455 721 390 692 818 563 674 947 495 845 244 141 439 634 442 534 583 173 462 535 926 797 738 756 414 435 334 499 160 269 356 696 336 698 53 188 205 224 191 714 809 839 317 470 363 633 398 219 154 914 96 579 132 903 673 368 45 471 243 830 254 121 127 601 370 299 434 2 670 459 142 291 704 544 326 117 268 400 529 751 61 269 847 442 91 95 256 734 263 964 943 460 716 9 350 410 274 413 791 98 724 755 168 49 823 139 193 23 985 808 396 824 691 72 443 244 11 842 85 909 703 512 439 929 527 781 209 346 91 285 710 280 610 967 380 181 791 331 664 822 329 241 546 640 794 454 955 228 21 717 585 772 885 925 986 741 212 969 739 649 125 792 683 504 391 989 839 804 414 628 821 283 596 879 552 240 409 675 949 199 851 553 530 48 49 944 185 313 480 139 85 559 374 758 507 233 535 437 524 593 948 835 412 204 161 802 403 671 158 870
479
402 271 946 649 163 663 325 897 936 595 688 859 903 579 930 366 654 975 204 470 807 818 411 807 421 446 560 687 167 210 768 191 820 105 519 5 658 998 559 154 488 735 802 816 518 700 198 61 884 65 411 942 833 259 794 995 990 546 281 691 930 187 947 649 84 462 592 88 548 324 329 487 342 951 945 128 695 142 440 651 855 812 226 35 939 345 721 578 308 969 378 147 762 829 503 767 457 98 590 721 800 496 978 945 437 277 246 797 893 746 555 678 245 192 392 938 671 315 337 464 603 791 551 779 310 479 98 798 545 532 297 571 138 798 253 192 244 341 824 785 623 694 95 946 360 714 21 237 774 411 923 647 168 225 935 145 971 634 645 55 554 877 486 196 674 859 938 16 364 205 290 281 77 368 603 785 366 765 61 283 353 715 800 658 896 601 312 404 118 894 210 229 511 670 849 462 529 397 862 303 7 28 14 355 189 142 898 224 196 576 388 149 129 442 247 805 625 384 759 313 301 921 780 496 317 785 781 211 100 602 621 934 444 343 66 24 202 989 544 737 2 659 336 416 289 19 976 590 228 586 639 878 395 77 166 636 740 996 634 740 230 884 48 419 422 674 566 715 145 510 824 257 514 302 951 858 320 95 277 809 747 48 239 447 526 662 204 858 975 191 470 372 887 293 961 136 991 48 293 854 744 378 257 427 303 562 241 847 304 518 97 797 805 502 370 810 689 949 687 883 982 202 422 313 221 391 613 266 136 394 691 467 933 849 23 395 155 351 412 293 151 964 81 368 179 689 146 146 124 369 209 621 500 903 218 80 941 697 771 738 979 759 268 800 668 344 628 490 262 559 283 788 625 667 188 625 358 20 942 131 966 147 865 590 221 19 838 413 118 612 165 334 230 544 156 636 919 607 622 174 104 688 533 289 767 798 977 314 147 371 160 327 967 296 541 254 901 538 351 723 637 459 961 629 739 613 892 173 932 952 121 371 83 288 850 175 632 489 873 765 836 29 467 490 264 714 876 743 604 143 364 297 752 262 876 976 611 688 868 636 751 668 470 39 220 951 81 17 532 772 534 353 932 836 618 102 677 535 881
310
968 374 827 35 673 3 896 995 959 316 52 804 780 403 523 654 704 453 898 117 473 132 391 395 724 61 533 962 209 967 375 962 353 142 89 273 474 274 951 246 553 566 619 762 9 766 321 477 291 703 211 84 396 593 351 301 974 317 438 4 509 318 139 908 144 595 672 422 884 811 934 853 434 768 332 90 59 966 510 378 382 781 179 511 710 876 975 248 935 893 393 593 600 82 491 583 131 62 485 459 400 810 85 6 970 365 462 897 301 948 947 699 482 362 895 327 446 683 546 967 337 288 680 859 52 250 245 907 411 467 136 980 480 27 140 861 803 148 991 420 427 696 237 573 537 544 36 510 75 853 932 719 865 125 206 351 783 478 169 331 842 591 158 364 707 881 351 155 385 201 164 308 967 382 103 526 134 533 245 405 932 620 166 147 40 839 672 86 74 410 123 154 678 614 278 621 243 657 978 920 181 469 149 957 570 80 533 46 166 363 912 134 262 394 28 153 854 907 36 423 106 470 581 208 272 169 80 999 844 49 95 349 200 316 273 835 422 802 13 221 123 677 754 95 523 582 897 768 171 968 84 995 483 953 575 604 904 708 982 70 425 48 226 691 764 287 805 251 357 892 798 463 859 225 78 198 663 284 607 870 187 75 94 955 809 485 991 219 174 782 749 766 720 590 353 268 494 824 591 746 281 666 522 587 539 306 577 652 392 651
457
780 866 389 374 491 24 923 213 756 115 562 712 902 143 304 995 585 827 703 372 195 59 815 63 936 795 459 186 603 650 104 922 939 70 909 364 822 24 376 817 503 881 227 253 959 977 600 576 86 686 9 168 99 403 628 5 453 672 792 472 504 69 196 351 130 587 840 573 536 395 179 509 3 913 80 423 27 888 829 12 294 479 223 75 265 887 33 333 132 52 939 415 449 772 583 124 132 140 341 76 654 872 417 318 740 51 427 300 902 355 427 387 570 23 201 552 410 670 63 544 598 986 388 282 234 201 961 860 369 594 176 54 573 471 823 639 475 827 293 204 18 278 590 199 710 277 463 646 535 558 900 21 902 607 803 519 137 761 704 3 186 618 548 443 966 286 298 136 577 412 241 533 340 833 2 633 337 614 443 805 30 154 865 129 350 774 628 160 415 798 760 490 39 184 378 683 747 626 212 504 659 580 863 394 493 372 964 747 645 178 300 106 506 455 82 828 686 538 579 109 98 425 712 118 900 44 898 247 260 19 713 774 849 30 983 795 484 275 198 5 851 958 938 532 425 425 863 530 985 677 261 148 159 228 22 479 883 553 99 742 169 543 823 245 678 866 455 128 175 859 868 359 943 924 88 219 347 192 691 731 925 700 625 665 704 783 50 154 148 547 570 808 814 169 539 647 200 26 391 841 997 480 852 349 146 159 968 23 754 815 846 357 345 282 682 348 603 826 109 918 208 233 587 898 60 755 360 466 402 890 649 874 987 156 119 214 736 775 521 997 340 311 69 413 718 292 70 936 6 495 732 76 340 594 675 320 364 965 699 782 264 600 775 232 12 951 663 86 516 814 826 968 855 204 335 328 340 36 474 639 384 150 773 661 374 307 349 943 836 4 840 997 43 715 155 382 284 878 656 757 15 247 71 239 199 761 653 193 988 903 925 279 758 501 352 835 508 992 947 951 729 206 152 49 124 704 801 222 6 378 804 474 215 140 144 294 691 713 244 959 644 733 160 280 383 379 654 525 650 442 56 214 398 419 25 296 825
91
877 739 811 638 204 288 504 860 49 102 548 632 907 635 359 21 68 305 320 970 531 592 362 699 230 187 711 706 850 22 3 122 910 356 113 86 47 79 235 44 270 932 473 19 514 1000 304 685 955 259 275 809 653 843 717 158 465 839 443 833 463 412 120 106 412 282 529 699 177 382 853 172 980 831 580 79 119 965 617 570 18 645 698 166 766 498 541 750 780 356 125