1000
106
826
244
862
662
690
127
750
691
788
690
406
967
920
800
271
863
513
836
269
696
849
616
753
430
901
370
722
758
974
655
460
699
855
373
242
528
889
804
680
125
129
436
555
654
938
19
118
461
212
761
767
263
516
315
88
512
438
239
902
328
393
872
269
917
917
169
372
161
565
645
5
447
726
300
316
639
837
583
883
555
844
157
191
8
718
51
706
158
410
43
456
624
431
296
114
446
180
993
895
305
30
957
396
678
728
243
925
164
760
990
497
982
833
414
720
734
221
133
194
520
54
625
746
272
483
565
624
396
839
653
624
245
422
386
974
757
245
721
278
71
939
587
6
246
721
288
276
514
965
861
463
389
816
678
347
117
55
414
90
584
874
510
456
891
964
53
90
782
644
644
673
511
78
785
135
210
279
627
459
218
642
485
116
276
133
300
946
619
221
454
687
701
549
684
264
565
280
788
349
319
311
813
169
351
976
15
597
356
534
525
717
630
662
941
887
896
675
824
841
492
145
495
690
480
486
423
517
857
208
802
646
545
460
552
606
323
132
635
789
247
152
930
442
658
8
228
215
432
677
94
657
38
58
610
108
177
423
52
291
319
224
530
571
205
420
956
398
553
32
961
626
95
528
156
334
274
940
825
511
458
489
192
922
633
924
375
870
706
906
394
344
709
781
482
551
701
510
11
696
753
578
207
273
616
569
660
134
696
311
690
909
985
841
343
871
318
461
12
271
279
280
933
692
120
610
466
258
158
226
86
211
491
901
960
653
893
669
262
12
634
222
297
194
103
276
917
80
366
629
501
286
765
10
459
279
350
30
13
677
402
121
132
675
976
179
542
739
313
683
700
442
619
558
686
154
345
240
147
503
340
315
402
8
801
576
147
9
380
11
100
600
160
744
196
687
782
613
72
828
42
558
256
570
932
988
945
793
724
421
588
280
628
843
203
671
218
709
842
929
631
966
719
715
49
248
666
975
62
525
658
262
398
529
752
8
162
359
416
97
516
944
339
384
981
726
414
261
536
712
51
840
817
209
381
188
687
978
841
475
735
569
214
763
407
391
456
685
524
767
63
217
88
442
1000
651
492
166
758
849
515
255
91
666
984
145
560
769
64
135
654
427
751
690
572
540
824
119
34
328
122
203
405
600
609
494
361
985
846
503
533
48
926
368
924
65
30
58
401
6
625
117
436
349
449
287
367
642
754
914
730
561
358
24
330
903
226
424
246
361
161
667
344
360
108
103
249
98
624
993
393
680
884
515
787
463
884
107
644
745
944
809
912
253
36
223
940
517
241
110
334
993
742
408
664
170
70
798
136
888
528
741
742
34
283
150
323
486
215
146
747
747
588
408
120
762
752
178
762
638
334
764
731
803
375
233
709
233
20
467
323
543
370
81
850
895
373
697
478
592
305
596
300
591
859
294
553
692
917
355
161
997
19
124
766
540
815
367
117
832
56
675
631
565
750
674
632
946
44
602
600
821
263
579
359
254
812
934
684
183
714
873
22
882
817
148
158
682
93
459
368
293
966
248
741
286
853
999
257
451
148
358
251
33
592
183
385
67
129
892
836
780
228
24
69
666
161
455
450
783
998
865
849
993
897
41
149
541
925
259
966
758
801
548
489
354
396
892
170
495
695
31
209
83
83
863
347
535
44
330
121
225
952
905
638
737
369
281
568
28
883
783
712
295
424
8
677
896
795
568
749
715
270
215
179
15
435
99
85
910
264
69
99
410
154
995
651
299
616
754
126
86
135
34
61
10
762
489
814
273
753
820
775
114
966
51
445
600
600
570
679
857
920
13
310
354
542
61
894
936
340
489
772
394
746
228
376
498
994
844
302
862
852
489
828
227
997
529
30
122
638
110
18
788
310
107
257
733
968
243
726
386
236
3
780
810
773
653
254
532
597
447
348
452
60
721
72
626
477
320
583
726
102
8
487
19
475
13
912
37
568
811
382
271
574
455
359
496
780
651
406
87
658
589
864
910
425
842
172
583
2
775
579
173
184
803
57
735
507
357
934
659
852
304
642
906
469
548
840
951
929
761
82
108
843
417
263
848
38
309
873
602
945
4
707
930
116
752
976
254
333
883
237
613
484
387
906
299
337
482
917
577
26
850
444
669
496
815
197
627
243
853
807
587
61
116
915
728
161
301
235
66
912
144
622
9
911
501
717
37
621
600
890
303
648
176
702
260
507
216
601
397
552
331
5
476
285
168
119
88
728
163
79
504
59
403
193
880
960
317
303
279
507
849
845
937
836
542
429
998