10
28
15
29
25
26
11
27
26
28
26
20
31
30
28
16
29
22
28
16
26
29
24
27
20
30
19
26
27
31
25
21
26
29
19
15
22
29
28
26
11
11
20
23
25
30
4
10
21
14
27
27
16
22
17
9
22
20
15
30
18
19
29
16
30
30
13
19
12
23
25
2
21
26
17
17
25
28
24
29
23
29
12
13
2
26
7
26
12
20
6
21
24
20
17
10
21
13
31
29
17
5
30
19
26
26
15
30
12
27
31
22
31
28
20
26
27
14
11
13
22
7
25
27
16
21
23
24
19
28
25
24
15
20
19
31
27
15
26
16
8
30
24
2
15
26
16
16
22
31
29
21
19
28
26
18
10
7
20
9
24
29
22
21
29
31
7
9
27
25
25
25
22
8
28
11
14
16
25
21
14
25
22
10
16
11
17
30
24
14
21
26
26
23
26
16
23
16
28
18
17
17
28
13
18
31
3
24
18
23
22
26
25
25
30
29
29
25
28
29
22
12
22
26
21
22
20
22
29
14
28
25
23
21
23
24
17
11
25
28
15
12
30
21
25
2
15
14
20
26
9
25
6
7
24
10
13
20
7
17
17
14
23
23
14
20
30
19
23
5
31
25
9
22
12
18
16
30
28
22
21
22
13
30
25
30
19
29
26
30
19
18
26
27
21
23
26
22
3
26
27
24
14
16
24
23
25
11
26
17
26
30
31
29
18
29
17
21
3
16
16
16
30
26
10
24
21
16
12
15
9
14
22
30
30
25
29
25
16
3
25
14
17
13
10
16
30
8
19
25
22
16
27
3
21
16
18
5
3
26
20
11
11
25
31
13
23
27
17
26
26
21
24
23
26
12
18
15
12
22
18
17
20
2
28
24
12
3
19
3
10
24
12
27
14
26
27
24
8
28
6
23
16
23
30
31
30
28
26
20
24
16
25
29
14
25
14
26
29
30
25
31
26
26
7
15
25
31
7
22
25
16
19
23
27
2
12
18
20
9
22
30
18
19
31
26
20
16
23
26
7
28
28
14
19
13
26
31
29
21
27
23
14
27
20
19
21
26
22
27
7
14
9
21
31
25
22
12
27
29
22
15
9
25
31
12
23
27
8
11
25
20
27
26
23
23
28
10
5
18
11
14
20
24
24
22
19
31
29
22
23
6
30
19
30
8
5
7
20
2
25
10
20
18
21
16
19
25
27
30
27
23
18
4
18
30
15
20
15
19
12
25
18
18
10
10
15
9
24
31
19
26
29
22
28
21
29
10
25
27
30
28
30
15
6
14
30
22
15
10
18
31
27
20
25
13
8
28
11
29
22
27
27
5
16
12
17
22
14
12
27
27
24
20
10
27
27
13
27
25
18
27
27
28
19
15
26
15
4
21
17
23
19
9
29
29
19
26
21
24
17
24
17
24
29
17
23
26
30
18
12
31
4
11
27
23
28
19
10
28
7
25
25
23
27
25
25
30
6
24
24
28
16
24
18
15
28
30
26
13
26
29
4
29
28
12
12
26
9
21
19
17
31
15
27
16
29
31
16
21
12
18
15
5
24
13
19
8
11
29
28
27
15
4
8
25
12
21
21
27
31
29
29
31
29
6
12
23
30
16
31
27
28
23
22
18
19
29
13
22
26
5
14
9
9
29
18
23
6
18
11
15
30
30
25
27
19
16
23
5
29
27
26
17
20
2
26
29
28
23
27
26
16
14
13
3
20
9
9
30
16
8
9
20
12
31
25
17
24
27
11
9
11
5
7
3
27
22
28
16
27
28
27
10
31
7
21
24
24
23
26
29
30
3
17
18
23
7
29
30
18
22
27
19
27
15
19
22
31
29
17
29
29
22
28
15
31
23
5
11
25
10
4
28
17
10
16
27
31
15
26
19
15
1
27
28
27
25
15
23
24
21
18
21
7
26
8
25
21
17
24
26
10
2
22
4
21
3
30
6
23
28
19
16
23
21
18
22
27
25
20
9
25
24
29
30
20
29
13
24
1
27
24
13
13
28
7
27
22
18
30
25
29
17
25
30
21
23
28
30
30
27
9
10
29
20
16
29
6
17
29
24
30
2
26
30
10
27
31
15
18
29
15
24
22
19
30
17
18
21
30
24
5
29
21
25
22
28
14
25
15
29
28
24
7
10
30
26
12
17
15
8
30
12
24
3
30
22
26
6
24
24
29
17
25
13
26
16
22
14
24
19
23
18
2
21
16
12
10
9
26
12
8
22
7
20
13
29
30
17
17
16
22
29
29
30
28
23
20
31
