100
42 17
7 6
57 30
25 24
97 36
92 15
10 9
25 3
46 19
14 12
35 33
30 29
67 19
5 3
70 11
11 10
16 15
77 20
94 8
96 28
21 20
96 36
76 45
53 20
40 4
87 11
44 21
65 51
57 47
7 6
63 39
16 6
11 10
17 14
28 27
69 14
20 19
48 38
87 10
101 19
52 11
6 5
6 5
39 21
48 47
8 7
65 14
10 9
51 46
16 15
12 9
9 8
38 37
23 22
77 23
63 23
70 21
66 43
62 22
47 28
47 45
58 44
10 9
66 24
12 11
56 24
11 10
95 6
33 12
83 37
8 7
27 18
14 13
18 17
15 14
27 2
19 11
98 15
38 37
38 6
101 35
41 33
11 10
16 15
34 27
84 26
83 36
12 11
68 35
13 12
16 15
87 40
67 34
100 49
75 26
8 7
86 23
3 2
5 4
9 8