10
69 152
176 399 383 370 610 941 983 48 523 498 785 127 660 125 932 273 474 795 412 380 718 503 813 549 51 451 359 137 455 981 917 684 638 318 346 677 900 575 70 202 354 605 589 376 811 120 809 590 54 566 889 930 998 541 650 268 505 728 229 530 54 761 985 115 739 472 291 656 166
65 171
312 104 836 444 498 868 472 196 671 454 414 580 467 554 882 848 643 270 997 667 703 488 210 258 742 975 134 520 454 845 986 733 676 642 290 764 321 548 899 269 254 159 513 296 881 752 134 20 904 326 506 679 349 330 255 702 307 446 260 631 793 21 581 181 268
62 423
216 41 522 517 153 795 728 345 819 410 43 802 43 216 64 190 813 513 581 186 456 473 375 199 202 267 141 134 454 476 55 14 946 967 235 83 742 289 728 104 154 712 436 448 720 152 228 218 986 86 891 195 700 120 860 136 877 933 59 964 531 281
59 674
120 746 207 590 41 723 217 493 967 366 905 256 619 646 14 765 982 757 934 474 441 459 772 141 661 791 148 517 453 107 892 63 984 291 179 170 163 262 558 172 54 33 592 368 790 784 554 415 836 846 507 712 51 910 466 571 448 651 858
55 694
256 450 661 431 928 650 473 641 115 322 534 477 427 308 964 108 151 232 518 993 194 212 937 850 353 84 923 132 452 970 960 111 254 616 123 488 584 235 387 7 955 586 516 520 861 416 647 613 685 606 892 460 634 700 71
52 946
160 387 346 505 816 577 961 21 262 278 163 931 3 738 914 683 320 475 103 280 180 198 334 791 812 608 930 515 451 602 797 160 292 940 835 807 773 208 216 74 855 139 671 441 931 48 741 43 767 366 277 976
49 197
295 92 32 578 703 504 218 169 410 234 24 153 579 400 864 26 490 719 455 799 165 183 499 732 272 900 937 898 450 233 866 209 562 264 780 894 194 949 46 909 755 460 595 593 1 448 66 241 617
46 217
199 796 485 651 591 432 706 317 558 190 653 607 154 830 814 368 659 962 40 86 918 168 896 441 963 425 712 513 449 96 703 490 600 589 724 213 615 922 875 977 655 13 750 513 72 80
42 468
335 501 170 725 479 359 963 465 706 146 282 828 962 492 996 943 828 437 392 605 903 154 293 383 422 717 719 896 448 727 772 539 870 913 668 300 36 895 704 812 323 334
39 720
239 438 856 798 366 286 451 613 854 101 143 282 538 922 946 286 998 681 977 892 656 907 458 324 882 241 726 279 447 591 841 588 908 238 612 618 457 868 534
