2
10
6
16
6
11
9
5
12
6
10
3
3
6
15
14
1
20
7
1
16
14
17
15
11
2
14
14
6
7
4
1
3
2
12
7
8
16
2
9
9
10
15
13
1
10
8
16
3
20
12
10
1
4
2
3
19
6
12
1
9
18
4
19
16
9
2
12
6
8
1
4
4
20
-2
15
3
14
1
16
9
20
16
12
6
19
6
16
7
19
17
19
17
9
8
19
9
12
7
1
12
14
20
4
14
3
2
7
11
10
14
3
16
11
17
15
18
10
5
20
8
14
3
20
15
13
2
14
11
6
5
4
16
10
13
20
9
12
8
15
8
19
17
11
19
2
18
19
9
3
18
0
8
19
15
16
2
9
4
2
9
16
18
12
16
2
9
7
15
11
20
17
7
1
17
18
2
13
18
16
16
2
7
18
6
17
9
3
14
2
11
9
12
9
12
12
3
12
11
4
3
10
19
18
0
9
18
14
9
7
14
18
20
2
11
15
17
5
1
3
15
6
9
11
2
17
6
2
4
5
15
10
12
14
8
7
18
1
13
10
9
6
8
7
1
4
12
13
11
9
19
2
17
11
12
2
7
9
5
20
7
2
7
19
3
7
12
18
13
11
10
10
2
14
2
7
12
1
16
19
13
14
19
14
12
16
17
17
15
18
9
1
20
9
3
6
8
6
3
2
9
19
8
7
3
5
4
15
2
13
13
10
6
7
18
15
15
14
19
17
18
2
2
17
4
3
11
4
14
16
13
7
5
10
1
19
20
20
10
18
18
19
7
20
4
18
1
18
11
5
16
17
0
11
8
9
19
4
11
20
18
11
14
13
2
15
16
9
8
20
2
-2
1
4
20
20
12
11
10
18
7
17
11
5
12
7
11
8
8
8
19
18
20
3
6
17
16
12
5
10
19
7
2
2
14
17
12
18
1
18
14
20
4
18
20
6
7
11
11
14
12
6
15
7
18
10
9
6
10
14
16
12
2
5
16
7
8
2
6
12
10
19
17
1
15
11
15
17
18
20
12
6
4
4
9
7
10
11
12
8
17
13
14
13
20
7
4
13
5
7
14
9
17
10
10
11
5
12
20
10
2
11
9
5
8
4
15
10
20
1
12
4
4
8
17
3
14
7
11
18
2
5
19
6
5
11
19
17
4
19
18
11
1
18
14
6
15
16
5
5
20
13
12
11
1
13
19
9
13
15
6
10
9
10
19
1
15
12
14
17
12
17
4
12
16
14
0
8
20
17
20
14
2
4
11
16
6
4
18
6
15
17
17
8
15
16
12
2
14
20
10
16
9
20
18
20
11
15
20
16
9
6
12
9
14
5
2
9
8
14
18
19
8
16
18
5
8
1
1
13
20
11
3
12
10
9
17
0
6
18
18
12
8
18
18
9
11
12
3
14
7
5
6
12
18
16
3
12
20
3
15
13
11
1
2
5
4
13
8
7
16
18
4
1
11
3
3
3
3
5
1
8
10
10
6
20
8
11
8
18
19
17
4
18
20
10
13
18
12
14
11
5
15
11
9
9
8
19
18
18
12
1
8
7
7
2
6
15
9
4
11
14
16
6
11
18
7
14
4
15
2
2
8
1
9
17
12
8
16
7
7
7
11
14
2
20
10
19
14
2
11
2
6
17
4
5
7
8
2
5
19
12
7
6
18
7
3
13
2
18
5
15
18
7
13
12
2
2
13
16
13
3
3
12
15
12
14
20
5
19
4
1
6
10
7
14
3
9
19
3
5
12
6
17
6
6
18
19
18
17
5
9
19
3
13
18
7
9
9
19
17
19
18
14
13
20
20
15
16
6
10
10
16
16
15
17
4
9
14
13
7
9
5
10
13
12
15
14
6
6
14
11
10
13
10
20
13
19
12
19
17
8
9
19
17
15
16
20
19
16
9
2
12
5
18
4
19
4
7
7
3
6
4
10
13
13
14
12
6
11
1
4
5
1
13
8
4
1
13
8
2
16
7
13
10
19
14
10
4
12
15
10
7
12
18
11
10
11
12
5
11
12
17
18
13
2
1
9
7
5
2
4
18
14
16
2
9
13
4
17
8
8
5
1
2
1
20
14
0
3
10
11
4
17
12
11
12
11
14
3
7
13
4
9
2
17
9
8
20
4
20
12
12
8
19
15
11
5
3
8
16
4
6
3
8
20
20
5
7
0
16
6
11
12
9
9
4
0
7
11
3
4
18
3
20
4
14
12
2
16
5
20
5
12
2
8
10
3
18
4
2
4
19
20
4
17
18
